8855
2727
2417
7555
7654
2413
6996
3887
5491
9657
3994
2776
3717
3558
7368
7447
8568
4489
8654
7193
5917
2642
3187
4514
2372
1845
1638
6137
3424
1232
9564
1796
3891
4641
1999
7365
6138
7789
7614
8356
4672
9522
7222
7187
8732
7443
5823
2312
9883
9634
6866
2882
4631
8341
7219
9894
3838
6524
9517
9716
6148
8458
7316
9259
3962
4742
8877
3474
3661
2792
5559
1652
3264
4772
8232
1395
9237
2425
3748
3247
2367
7675
9443
7954
2756
2942
2272
4982
2222
7727
7256
6294
2346
9748
3771
6979
7213
1235
2262
7148
8181
7659
3151
4649
6878
4878
9837
4941
8419
1981
2118
1556
7232
3861
6437
5437
5657
6441
5885
9922
8437
5864
4628
4666
2585
4231
7654
7893
3783
7366
6594
5741
1536
6457
9235
3715
9828
1892
5186
4246
5334
1732
1298
3423
5163
1886
6616
5744
5517
8612
