9119
9098
7035
8112
1057
0353
0050
7301
5952
9551
1295
9861
0876
5962
1190
0400
5493
6893
1365
4014
7495
4406
5758
8646
4432
9975
8108
3689
2864
1134
8238
8956
3216
4207
4845
2705
0106
5462
4575
9435
6470
0062
4056
1946
4428
2684
2288
0254
9522
9899
1500
8172
5169
8254
0068
7963
3876
0640
9787
0973
3678
8918
3511
9581
0993
8687
3970
2000
3688
3375
2261
5555
5139
0695
9213
6810
5681
7299
0194
6692
2425
3656
6497
4166
9429
0824
9717
0693
0524
1785
3736
0707
5096
0595
7421
5520
6774
6282
0648
5999
6023
7220
2023
8754
5867
6755
5857
6250
2479
0467
4706
3529
0241
3364
7954
5501
2135
0154
1152
3808
2462
2706
8565
7133
2042
7546
8114
9540
6216
5640
3094
7491
6120
5417
1896
9950
7160
8987
4268
4088
0395
9610
9992
6002
9472
2729
3651
5836
3546
1734
